11011100000000000000000000000000
11011100000000010000000000000001
10001100000000010000000000010000
11011100000000010000000000000101
10001100000000010000000000000000
11011100000000010000000000000100
10001100000000010000000000000100
11011100000000010000000000000011
10001100000000010000000000001000
11011100000000010000000000000010
10001100000000010000000000001100
11111100000000000001000000010010
11011100000001000000000000010100
11111100010001000010100000100000
11101100000001010000000000010000
11011100010000110000000000000100
11011100000001000000000000010100
11111100011001000010100000100000
11101100000001010000000000001010
11111100000000100011000000010010
11111100000000110011100000010010
10000100110010000000000000000000
10000100111010010000000000000000
11111101001010000010100000100000
11101100000001010000000000000010
10001100111010000000000000000000
10001100110010010000000000000000
11011100011000110000000000000100
10001000000000000000000000010000
11011100010000100000000000000100
10001000000000000000000000001100